 



pocitac v praci:
Intel® Core™ i5 CPU 750 @ 2.67GHz

pro dph=const. se to vyoptimalizovalo na 0
v.rotate_d1()   :  1.2177068419842307 -0.010044860504615213  2.9229894 ns/op 
 v.rotate_d3()   :  0.9999351481183865 3.2624666136960023E-6  3.2240038 ns/op 
 v.rotate_d5()   :  1.00000000853303 -4.600003294941146E-10  3.256436 ns/op 
 v.rotate_d7()   :  0.9999999999993909 3.416711358283919E-14  3.2559078 ns/op 
 v.rotate()      :  1.0000000000000002 3.469446951953614E-16  3.2565172 ns/op 

pro dph=i zavislou se to nevyoptimalizovalo
 v.rotate_d1()   :  1.2177068419842307 -0.010044860504615213  9.314306 ns/op 
 v.rotate_d3()   :  0.9999351481183865 3.2624666136960023E-6  16.268745 ns/op 
 v.rotate_d5()   :  1.00000000853303 -4.600003294941146E-10  35.433617 ns/op 
 v.rotate_d7()   :  0.9999999999993909 3.416711358283919E-14  49.831547 ns/op 
 v.rotate()      :  1.0000000000000002 3.469446951953614E-16  75.70213 ns/op 
